# Noise-free gravity anomaly calculated at z = -100 m, 
#on the profile x = 0 m
# x (m)    y (m)    z (m)    gravity anomaly (mGal)
0.00000 -10000.00000 -100.00000 0.52004
0.00000 -9746.83544 -100.00000 0.57495
0.00000 -9493.67089 -100.00000 0.63815
0.00000 -9240.50633 -100.00000 0.71135
0.00000 -8987.34177 -100.00000 0.79678
0.00000 -8734.17722 -100.00000 0.89731
0.00000 -8481.01266 -100.00000 1.01680
0.00000 -8227.84810 -100.00000 1.16051
0.00000 -7974.68354 -100.00000 1.33582
0.00000 -7721.51899 -100.00000 1.55347
0.00000 -7468.35443 -100.00000 1.82985
0.00000 -7215.18987 -100.00000 2.19127
0.00000 -6962.02532 -100.00000 2.68303
0.00000 -6708.86076 -100.00000 3.38938
0.00000 -6455.69620 -100.00000 4.47846
0.00000 -6202.53165 -100.00000 6.26715
0.00000 -5949.36709 -100.00000 8.73168
0.00000 -5696.20253 -100.00000 10.76740
0.00000 -5443.03797 -100.00000 12.35638
0.00000 -5189.87342 -100.00000 13.78284
0.00000 -4936.70886 -100.00000 15.12438
0.00000 -4683.54430 -100.00000 16.32968
0.00000 -4430.37975 -100.00000 17.32428
0.00000 -4177.21519 -100.00000 18.03907
0.00000 -3924.05063 -100.00000 18.35598
0.00000 -3670.88608 -100.00000 18.02615
0.00000 -3417.72152 -100.00000 16.82651
0.00000 -3164.55696 -100.00000 15.66965
0.00000 -2911.39241 -100.00000 15.01470
0.00000 -2658.22785 -100.00000 14.53602
0.00000 -2405.06329 -100.00000 14.02115
0.00000 -2151.89873 -100.00000 13.39473
0.00000 -1898.73418 -100.00000 12.69807
0.00000 -1645.56962 -100.00000 12.01710
0.00000 -1392.40506 -100.00000 11.38731
0.00000 -1139.24051 -100.00000 10.78704
0.00000 -886.07595 -100.00000 10.17894
0.00000 -632.91139 -100.00000 9.53816
0.00000 -379.74684 -100.00000 8.86230
0.00000 -126.58228 -100.00000 8.16862
0.00000 126.58228 -100.00000 7.48189
0.00000 379.74684 -100.00000 6.82120
0.00000 632.91139 -100.00000 6.19451
0.00000 886.07595 -100.00000 5.60137
0.00000 1139.24051 -100.00000 5.03832
0.00000 1392.40506 -100.00000 4.50306
0.00000 1645.56962 -100.00000 3.99633
0.00000 1898.73418 -100.00000 3.52180
0.00000 2151.89873 -100.00000 3.08458
0.00000 2405.06329 -100.00000 2.68934
0.00000 2658.22785 -100.00000 2.33865
0.00000 2911.39241 -100.00000 2.03242
0.00000 3164.55696 -100.00000 1.76822
0.00000 3417.72152 -100.00000 1.54207
0.00000 3670.88608 -100.00000 1.34930
0.00000 3924.05063 -100.00000 1.18520
0.00000 4177.21519 -100.00000 1.04538
0.00000 4430.37975 -100.00000 0.92597
0.00000 4683.54430 -100.00000 0.82366
0.00000 4936.70886 -100.00000 0.73565
0.00000 5189.87342 -100.00000 0.65963
0.00000 5443.03797 -100.00000 0.59368
0.00000 5696.20253 -100.00000 0.53623
0.00000 5949.36709 -100.00000 0.48596
0.00000 6202.53165 -100.00000 0.44179
0.00000 6455.69620 -100.00000 0.40285
0.00000 6708.86076 -100.00000 0.36836
0.00000 6962.02532 -100.00000 0.33773
0.00000 7215.18987 -100.00000 0.31042
0.00000 7468.35443 -100.00000 0.28599
0.00000 7721.51899 -100.00000 0.26407
0.00000 7974.68354 -100.00000 0.24436
0.00000 8227.84810 -100.00000 0.22656
0.00000 8481.01266 -100.00000 0.21047
0.00000 8734.17722 -100.00000 0.19587
0.00000 8987.34177 -100.00000 0.18260
0.00000 9240.50633 -100.00000 0.17051
0.00000 9493.67089 -100.00000 0.15946
0.00000 9746.83544 -100.00000 0.14936
0.00000 10000.00000 -100.00000 0.14010
